5653291
2740496
3189088
6397722
5108529
2798895
3305936
1731533
389877
6215110
6537314
6603305
3026678
6519648
6614720
6595993
5614579
5876710
6013219
3511255
1599515
4843932
2998822
6606873
2351990
6559054
6540739
2774426
2878707
306387
6502621
5981973
6531189
1735756
6613103
6443339
6504463
5042528
6308130
6460119
6605377
1539163
3498484
6578950
2249631
6594604
6518292
5392112
5775603
4648456
6211760
6300751
6402020
6092308
6564964
5790762
6449135
6216307
6599128
6611447
2852937
6557574
2846479
6622745
